[inputs]
box_number = 2019.09.01.002
agent = 55
t_lim = 20
t_int = 19
start = 2019-10-01
weeks = 12
reg_method = regression_1,regression_2,regression_3

[regression_1]
intercept = 7505.240802809577
slope = -340.2194350502493

[regression_2]
intercept = 7386.102462221603
slope = -328.4506312598763

[regression_3]
intercept = 7335.2332480488785
slope = -320.1328946923299

