[regression_2]
intercept = 7386.102462221603
slope = -328.4506312598763
ref_period = 01 Oct 2019 - 23 Dec 2019
days_tot = 71
days_kept = 65
r_square = 0.94
rmse = 303.67
precision = 6.35
delta_t = 13.59
number_of_points = 1695
temp_min_15min = -2.475
temp_max_15min = 21.075
temp_min_daily = 0.5520833333333334
temp_max_daily = 14.143750000000002

[regression_3]
intercept = 7335.2332480488785
slope = -320.1328946923299
ref_period = 01 Oct 2019 - 23 Dec 2019
days_tot = 71
days_kept = 67
r_square = 0.96
rmse = 277.98
precision = 6.75
delta_t = 17.03
number_of_points = 1695
temp_min_15min = -2.475
temp_max_15min = 21.075
temp_min_daily = 0.5520833333333321
temp_max_daily = 17.581666666666663

